merge-gap sweep at S=0.06/k=0.5/R=0.7 (N=730)
interval  gap_min  TP   FP   FN   Se%    PPV%   F%
   5-min       0  660  211   70   90.4   75.8  82.45
   5-min      10  654   11   76   89.6   98.3  93.76
   5-min      15  650    3   80   89.0   99.5  94.00
   5-min      20  646    0   84   88.5  100.0  93.90
   5-min      25  638    0   92   87.4  100.0  93.27
   5-min      30  630    0  100   86.3  100.0  92.65

   6-min       0  656  212   74   89.9   75.6  82.10
   6-min      10  651    6   79   89.2   99.1  93.87
   6-min      15  646    0   84   88.5  100.0  93.90
   6-min      20  639    0   91   87.5  100.0  93.35
   6-min      25  627    0  103   85.9  100.0  92.41
   6-min      30  627    0  103   85.9  100.0  92.41

